0  6484436  6484440  6484444  6484448  6484452  6484456  6484460  6484464  6484468  6484472  6484476  6484480  6484484  6484488  6484492  6484496  6484500  6484504  6484508  6484512  6484516  6484520  6484524  6484528  6484532  6484536  6484540  6484544  6484548  6484552  6484556  6484560  6484564  6484568  6484572  6484576  6484580  6484584  6484588  6484592  6484596  6484600  6484604  6484608  6484612  6484616  6484620  6484624  6484628  
0  6484636  6484640  6484644  6484648  6484652  6484656  6484660  6484664  6484668  6484672  6484676  6484680  6484684  6484688  6484692  6484696  6484700  6484704  6484708  6484712  6484716  6484720  6484724  6484728  6484732  6484736  6484740  6484744  6484748  6484752  6484756  6484760  6484764  6484768  6484772  6484776  6484780  6484784  6484788  6484792  6484796  6484800  6484804  6484808  6484812  6484816  6484820  6484824  6484828  
0  6484836  6484840  6484844  6484848  6484852  6484856  6484860  6484864  6484868  6484872  6484876  6484880  6484884  6484888  6484892  6484896  6484900  6484904  6484908  6484912  6484916  6484920  6484924  6484928  6484932  6484936  6484940  6484944  6484948  6484952  6484956  6484960  6484964  6484968  6484972  6484976  6484980  6484984  6484988  6484992  6484996  6485000  6485004  6485008  6485012  6485016  6485020  6485024  6485028  
0  6485036  6485040  6485044  6485048  6485052  6485056  6485060  6485064  6485068  6485072  6485076  6485080  6485084  6485088  6485092  6485096  6485100  6485104  6485108  6485112  6485116  6485120  6485124  6485128  6485132  6485136  6485140  6485144  6485148  6485152  6485156  6485160  6485164  6485168  6485172  6485176  6485180  6485184  6485188  6485192  6485196  6485200  6485204  6485208  6485212  6485216  6485220  6485224  6485228  
0  6485236  6485240  6485244  6485248  6485252  6485256  6485260  6485264  6485268  6485272  6485276  6485280  6485284  6485288  6485292  6485296  6485300  6485304  6485308  6485312  6485316  6485320  6485324  6485328  6485332  6485336  6485340  6485344  6485348  6485352  6485356  6485360  6485364  6485368  6485372  6485376  6485380  6485384  6485388  6485392  6485396  6485400  6485404  6485408  6485412  6485416  6485420  6485424  6485428  
0  6485436  6485440  6485444  6485448  6485452  6485456  6485460  6485464  6485468  6485472  6485476  6485480  6485484  6485488  6485492  6485496  6485500  6485504  6485508  6485512  6485516  6485520  6485524  6485528  6485532  6485536  6485540  6485544  6485548  6485552  6485556  6485560  6485564  6485568  6485572  6485576  6485580  6485584  6485588  6485592  6485596  6485600  6485604  6485608  6485612  6485616  6485620  6485624  6485628  
0  6485636  6485640  6485644  6485648  6485652  6485656  6485660  6485664  6485668  6485672  6485676  6485680  6485684  6485688  6485692  6485696  6485700  6485704  6485708  6485712  6485716  6485720  6485724  6485728  6485732  6485736  6485740  6485744  6485748  6485752  6485756  6485760  6485764  6485768  6485772  6485776  6485780  6485784  6485788  6485792  6485796  6485800  6485804  6485808  6485812  6485816  6485820  6485824  6485828  
0  6485836  6485840  6485844  6485848  6485852  6485856  6485860  6485864  6485868  6485872  6485876  6485880  6485884  6485888  6485892  6485896  6485900  6485904  6485908  6485912  6485916  6485920  6485924  6485928  6485932  6485936  6485940  6485944  6485948  6485952  6485956  6485960  6485964  6485968  6485972  6485976  6485980  6485984  6485988  6485992  6485996  6486000  6486004  6486008  6486012  6486016  6486020  6486024  6486028  
0  6486036  6486040  6486044  6486048  6486052  6486056  6486060  6486064  6486068  6486072  6486076  6486080  6486084  6486088  6486092  6486096  6486100  6486104  6486108  6486112  6486116  6486120  6486124  6486128  6486132  6486136  6486140  6486144  6486148  6486152  6486156  6486160  6486164  6486168  6486172  6486176  6486180  6486184  6486188  6486192  6486196  6486200  6486204  6486208  6486212  6486216  6486220  6486224  6486228  
0  6486236  6486240  6486244  6486248  6486252  6486256  6486260  6486264  6486268  6486272  6486276  6486280  6486284  6486288  6486292  6486296  6486300  6486304  6486308  6486312  6486316  6486320  6486324  6486328  6486332  6486336  6486340  6486344  6486348  6486352  6486356  6486360  6486364  6486368  6486372  6486376  6486380  6486384  6486388  6486392  6486396  6486400  6486404  6486408  6486412  6486416  6486420  6486424  6486428  
0  6486436  6486440  6486444  6486448  6486452  6486456  6486460  6486464  6486468  6486472  6486476  6486480  6486484  6486488  6486492  6486496  6486500  6486504  6486508  6486512  6486516  6486520  6486524  6486528  6486532  6486536  6486540  6486544  6486548  6486552  6486556  6486560  6486564  6486568  6486572  6486576  6486580  6486584  6486588  6486592  6486596  6486600  6486604  6486608  6486612  6486616  6486620  6486624  6486628  
0  6486636  6486640  6486644  6486648  6486652  6486656  6486660  6486664  6486668  6486672  6486676  6486680  6486684  6486688  6486692  6486696  6486700  6486704  6486708  6486712  6486716  6486720  6486724  6486728  6486732  6486736  6486740  6486744  6486748  6486752  6486756  6486760  6486764  6486768  6486772  6486776  6486780  6486784  6486788  6486792  6486796  6486800  6486804  6486808  6486812  6486816  6486820  6486824  6486828  
0  6486836  6486840  6486844  6486848  6486852  6486856  6486860  6486864  6486868  6486872  6486876  6486880  6486884  6486888  6486892  6486896  6486900  6486904  6486908  6486912  6486916  6486920  6486924  6486928  6486932  6486936  6486940  6486944  6486948  6486952  6486956  6486960  6486964  6486968  6486972  6486976  6486980  6486984  6486988  6486992  6486996  6487000  6487004  6487008  6487012  6487016  6487020  6487024  6487028  
0  6487036  6487040  6487044  6487048  6487052  6487056  6487060  6487064  6487068  6487072  6487076  6487080  6487084  6487088  6487092  6487096  6487100  6487104  6487108  6487112  6487116  6487120  6487124  6487128  6487132  6487136  6487140  6487144  6487148  6487152  6487156  6487160  6487164  6487168  6487172  6487176  6487180  6487184  6487188  6487192  6487196  6487200  6487204  6487208  6487212  6487216  6487220  6487224  6487228  
0  6487236  6487240  6487244  6487248  6487252  6487256  6487260  6487264  6487268  6487272  6487276  6487280  6487284  6487288  6487292  6487296  6487300  6487304  6487308  6487312  6487316  6487320  6487324  6487328  6487332  6487336  6487340  6487344  6487348  6487352  6487356  6487360  6487364  6487368  6487372  6487376  6487380  6487384  6487388  6487392  6487396  6487400  6487404  6487408  6487412  6487416  6487420  6487424  6487428  
0  6487436  6487440  6487444  6487448  6487452  6487456  6487460  6487464  6487468  6487472  6487476  6487480  6487484  6487488  6487492  6487496  6487500  6487504  6487508  6487512  6487516  6487520  6487524  6487528  6487532  6487536  6487540  6487544  6487548  6487552  6487556  6487560  6487564  6487568  6487572  6487576  6487580  6487584  6487588  6487592  6487596  6487600  6487604  6487608  6487612  6487616  6487620  6487624  6487628  
