0 1 1 1 1 1 1 1 1 1 1 0 1 1 1 0 1 1 1 1 0 0 1 1 1 1 1 0 1 1 1 0 0 1 0 1 1 0 1 0 1 1 1 1 1 1 0 0 0 0 
0 0 0 1 1 1 1 1 1 1 1 1 0 0 0 0 1 1 1 1 1 1 1 1 1 1 1 1 0 0 0 1 0 1 0 1 0 1 0 1 1 1 1 0 0 0 0 0 0 0 
0 1 1 1 1 1 1 1 1 0 0 0 0 0 0 1 1 1 1 1 1 0 1 0 1 0 1 0 1 0 1 1 1 1 0 0 0 0 1 1 0 0 1 1 0 0 1 1 0 0 
0 0 1 1 1 1 1 1 1 1 368 0 360 0 128 0 893851172 32764 7012352 0 893625326 32764 895427760 32764 7012352 0 0 0 1 0 7026688 0 7012688 0 0 0 0 0 7070176 0 1 0 7070160 0 1 0 239 0 134 0 
0 1 134 0 7082640 0 239 0 0 0 7030632 0 239 0 7012688 0 1023 0 0 0 239 0 7029464 0 2 597436329 406849444 -1139227632 -2083171789 14353 895059128 32764 0 0 894289610 32764 1 0 262 0 4018176 0 393216 0 368 0 7026952 0 0 0 
0 0 0 0 50331651 0 0 0 6486528 6750261 0 0 6422626 0 7014304 0 0 0 0 0 40 0 8 0 7041440 0 239 0 3932200 0 7014224 0 251658255 0 34078894 0 7040920 0 4194432 0 0 0 12976324 0 7041440 0 7039824 0 96 0 
0 1 893517824 32764 0 0 0 0 0 0 1048584 0 0 0 368 0 7012352 0 23 0 360 0 893636817 32764 7012352 0 1048586 0 360 0 111 0 7013352 0 6485872 0 48 0 92 0 0 0 760 0 0 0 895057976 32764 0 0 
0 0 8192 0 4022272 0 0 0 0 0 0 0 4 0 7070528 0 7 0 1152 0 1136 0 1 0 893851133 32764 7012352 0 7070176 0 895410792 32764 7012352 0 6486032 0 16 0 0 0 7012688 0 8192 0 0 0 7070544 0 1 0 
0 1 1 0 167 0 111 32764 0 0 111 0 7082640 0 167 0 0 0 7030448 0 167 0 7012688 0 1023 0 0 0 167 0 7029460 0 7070528 0 14 0 528 0 520 0 13046608 0 24 0 128 0 239 0 1 0 
0 0 1152 0 0 0 0 0 -285212433 0 0 0 50331651 0 7070464 0 13042000 0 7070464 0 0 0 13046624 0 1 0 13046608 0 1 0 16 0 206 0 167 0 96 0 13042000 0 251658255 0 0 0 13043248 0 88 0 13042000 0 
0 1 0 0 88 0 4018176 0 13046768 0 15 0 112 0 99 0 128 0 893851133 32764 13041664 0 1152 0 7012352 0 13041664 0 1136 0 893636817 32764 7012352 0 13042000 0 1024 0 0 0 13046784 0 1 0 13046768 0 1 0 79 0 
0 0 0 32764 86 0 13042000 0 79 0 0 0 13043168 0 79 0 13042000 0 128 0 0 0 79 0 0 0 0 0 1929380210 0 0 0 0 0 0 0 7013432 0 0 0 86 0 0 0 0 0 112 0 128 0 
0 1 1929380210 0 0 0 1442840662 0 13041664 0 2 0 0 0 1929380210 0 4202496 0 4194304 0 128 0 4096 0 13 0 16777216 0 79 0 128 16777216 139264 0 1929380210 0 0 0 1929380210 0 0 0 879630720 32764 -1088456704 218 1929380210 32764 4225576 0 
0 0 4223024 0 894014208 32764 4194304 0 139264 0 0 0 0 0 0 0 112 0 13041664 0 7 0 99 0 893636817 32764 13041664 0 2 7471205 99 0 79 0 13042536 0 6487280 0 4456540 7536741 7602283 7340143 6881372 6684782 0 0 1 0 99 0 
0 1 0 0 16 0 13041664 0 13046752 0 893635748 32764 3 6750313 0 0 7077985 7143541 7274606 6029427 7077985 7143541 7274606 3014771 7864421 101 0 0 0 0 0 0 0 0 0 0 0 0 0 0 0 0 0 0 0 0 0 0 13043536 0 
0 0 13043544 0 8 0 13046752 0 883484822 32764 4203360 0 0 0 0 0 4203360 0 0 0 0 0 8 0 4204369 0 4203360 0 99 0 13046624 0 1 0 -1 -1 1 0 1 0 4204393 0 4225576 0 99 0 99 0 1 0 
